david <- 3+3
